-1.0 -1.0 6.064868202939288 5.1839641188334955 5.545456031210756 0.5194121717285318 
-1.0 -0.5 2.7423360840721682 2.572265173424752 2.656667731639703 0.08566835243246507 
-1.0 0.0 1.1894148984935484 1.0026237485370393 0.896636085232884 0.29277881326066446 
-1.0 0.5 1.9998711834116045 1.9329823236493264 2.081030311831416 -0.08115912841981143 
-1.0 1.0 4.742032099360917 4.821283378240583 5.218882894136293 -0.47685079477537595 
-0.5 -1.0 4.866140012477537 4.182663887797434 4.395526111020274 0.4706139014572628 
-0.5 -0.5 1.7687210953550108 1.8209649423886907 1.857567403591737 -0.08884630823672635 
-0.5 0.0 0.46561384912399384 0.5013235175009777 0.4483653493274333 0.017248499796560512 
-0.5 0.5 0.4129969084677072 1.181682092613265 1.28192998378345 -0.8689330753157427 
-0.5 1.0 3.860605599624763 3.8199831472045207 4.068952973945811 -0.20834737432104777 
0.0 -1.0 3.040926182426084 3.1813403702964567 3.24550157740781 -0.20457539498172617 
0.0 -0.5 1.2174839451719093 1.0696414248877129 1.0583724621217883 0.15911148305012102 
0.0 0.0 0.8667953363927522 0.0 0.0 0.8667953363927522 
0.0 0.5 1.048541021625245 0.4303585751122872 0.48273504231350106 0.565805979311744 
0.0 1.0 2.761691266070813 2.8186596297035433 2.9189284403333473 -0.15723717426253447 
0.5 -1.0 4.087918210737396 4.180016852795479 4.384771149262674 -0.2968529385252783 
0.5 -0.5 1.8217787544011517 1.818317907386735 1.8468124418341365 -0.02503368743298484 
0.5 0.0 -0.3657542851276137 0.49867648249902224 0.43761038756983295 -0.8033646726974466 
0.5 0.5 1.6931339516135528 1.1790350576113093 1.2711750220258493 0.42195892958770354 
0.5 1.0 4.406477611984004 3.8173361122025655 4.05819801218821 0.34827959979579326 
1.0 -1.0 5.480885555493095 5.178716621759417 5.524135334539521 -0.04324977904642591 
1.0 -0.5 2.2814474235950946 2.5670176763506736 2.6353470349684676 -0.353899611373373 
1.0 0.0 1.1632814160017197 0.9973762514629607 0.8753153885616486 0.28796602744007116 
1.0 0.5 2.3141535647191946 1.9277348265752479 2.0597096151601804 0.2544439495590143 
1.0 1.0 5.229090759605247 4.8160358811665045 5.197562197465057 0.031528562140190175 
