-1.0 -1.0 6.064868202939288 
-1.0 -0.5 2.7423360840721682 
-1.0 0.0 1.1894148984935484 
-1.0 0.5 1.9998711834116045 
-1.0 1.0 4.742032099360917 
-0.5 -1.0 4.866140012477537 
-0.5 -0.5 1.7687210953550108 
-0.5 0.0 0.46561384912399384 
-0.5 0.5 0.4129969084677072 
-0.5 1.0 3.860605599624763 
0.0 -1.0 3.040926182426084 
0.0 -0.5 1.2174839451719093 
0.0 0.0 0.8667953363927522 
0.0 0.5 1.048541021625245 
0.0 1.0 2.761691266070813 
0.5 -1.0 4.087918210737396 
0.5 -0.5 1.8217787544011517 
0.5 0.0 -0.3657542851276137 
0.5 0.5 1.6931339516135528 
0.5 1.0 4.406477611984004 
1.0 -1.0 5.480885555493095 
1.0 -0.5 2.2814474235950946 
1.0 0.0 1.1632814160017197 
1.0 0.5 2.3141535647191946 
1.0 1.0 5.229090759605247 
