-1.0 -1.0 5.097458284567976
-1.0 -0.75 4.823432933212153
-1.0 -0.5 4.549117250032591
-1.0 -0.25 4.274607299117067
-1.0 0.0 4.0
-1.0 0.25 4.230392700882933
-1.0 0.5 4.460882749967409
-1.0 0.75 4.6915670667878455
-1.0 1.0 4.922541715432024
-0.75 -1.0 3.782458284567976
-0.75 -0.75 3.509057933212154
-0.75 -0.5 3.235367250032591
-0.75 -0.25 2.9614822991170673
-0.75 0.0 2.6875
-0.75 0.25 2.917267700882933
-0.75 0.5 3.147132749967409
-0.75 0.75 3.3771920667878463
-0.75 1.0 3.6075417154320237
-0.5 -1.0 2.842458284567976
-0.5 -0.75 2.569682933212154
-0.5 -0.5 2.296617250032591
-0.5 -0.25 2.023357299117067
-0.5 0.0 1.75
-0.5 0.25 1.979142700882933
-0.5 0.5 2.208382749967409
-0.5 0.75 2.437817066787846
-0.5 1.0 2.667541715432024
-0.25 -1.0 2.2774582845679765
-0.25 -0.75 2.005307933212154
-0.25 -0.5 1.732867250032591
-0.25 -0.25 1.4602322991170669
-0.25 0.0 1.1875
-0.25 0.25 1.416017700882933
-0.25 0.5 1.644632749967409
-0.25 0.75 1.8734420667878458
-0.25 1.0 2.1025417154320234
0.0 -1.0 2.087458284567976
0.0 -0.75 1.815932933212154
0.0 -0.5 1.544117250032591
0.0 -0.25 1.2721072991170668
0.0 0.0 1.0
0.0 0.25 1.2278927008829332
0.0 0.5 1.455882749967409
0.0 0.75 1.684067066787846
0.0 1.0 1.912541715432024
0.25 -1.0 2.2774582845679765
0.25 -0.75 2.005307933212154
0.25 -0.5 1.732867250032591
0.25 -0.25 1.4602322991170669
0.25 0.0 1.1875
0.25 0.25 1.416017700882933
0.25 0.5 1.644632749967409
0.25 0.75 1.8734420667878458
0.25 1.0 2.1025417154320234
0.5 -1.0 2.842458284567976
0.5 -0.75 2.569682933212154
0.5 -0.5 2.296617250032591
0.5 -0.25 2.023357299117067
0.5 0.0 1.75
0.5 0.25 1.979142700882933
0.5 0.5 2.208382749967409
0.5 0.75 2.437817066787846
0.5 1.0 2.667541715432024
0.75 -1.0 3.782458284567976
0.75 -0.75 3.509057933212154
0.75 -0.5 3.235367250032591
0.75 -0.25 2.9614822991170673
0.75 0.0 2.6875
0.75 0.25 2.917267700882933
0.75 0.5 3.147132749967409
0.75 0.75 3.3771920667878463
0.75 1.0 3.6075417154320237
1.0 -1.0 5.097458284567976
1.0 -0.75 4.823432933212153
1.0 -0.5 4.549117250032591
1.0 -0.25 4.274607299117067
1.0 0.0 4.0
1.0 0.25 4.230392700882933
1.0 0.5 4.460882749967409
1.0 0.75 4.6915670667878455
1.0 1.0 4.922541715432024
